-103.22222222224809
-106.22222222224809
-135.2222222222481
-153.2222222222481
-127.22222222224809
-148.2222222222481
-123.22222222224809
-126.22222222224809
-117.22222222224809
-130.2222222222481
-128.2222222222481
-103.22222222224809
-111.22222222224809
-69.22222222224809
-70.22222222224809
-111.22222222224809
-110.22222222224809
-107.22222222224809
-122.22222222224809
-108.22222222224809
-146.2222222222481
-129.2222222222481
-145.2222222222481
-126.22222222224809
-76.22222222224809
-102.22222222224809




116.77777777775191
112.77777777775191
133.7777777777519
95.77777777775191
110.77777777775191
99.77777777775191
104.77777777775191
126.77777777775191
135.7777777777519
102.77777777775191
82.77777777775191
85.77777777775191
107.77777777775191
78.77777777775191
111.77777777775191
58.77777777775191
55.77777777775191
46.77777777775191
58.77777777775191
97.77777777775191
36.77777777775191
47.77777777775191
84.77777777775191
86.77777777775191
81.77777777775191
65.77777777775191